500

1.6132192964413639  16.13063979447196
1.1476055641071037  2.6845176860665765
10.5136327721267  7.460290335035635
10.158936767956952  13.964278237002766
2.6157147137016756  15.169950745219992
19.604407630569227  15.863593532507261
9.938743233792932  17.87876270754928
7.565528211369403  1.7143841113502623
12.571958085333394  0.8418114929232767
5.421806576881014  1.3582143803554536
7.735103207436566  7.839649239865234
16.19433726216299  4.78229325199464
18.14563451170012  18.71081451363581
10.295268039568207  14.492274382400192
16.03943142203414  12.10111576912823
5.040534274579283  19.198800488621576
0.773408084870808  1.759405695667815
4.25381574716382  16.341509005694782
6.225415596921106  13.829350425984249
14.437296071679057  14.595072132140842
15.197429647562391  8.295956097687112
18.48154198210502  19.1813944180857
17.11266782898263  18.607514692964656
2.69453772285273  1.7913510359515472
1.9207890808759465  5.415554219922121
1.6126097725737543  6.793967850092342
18.35168590431942  11.28875930623116
11.450613432201411  4.392931359179819
17.305242740493753  2.155986721819232
7.816493364303696  10.225507713479239
8.720775112007413  8.799109364225654
18.492171789020645  6.335070874119484
18.343413758531277  3.228757926397796
8.912251563030704  15.294377800880564
5.162111384272013  10.310546326552421
12.37406170861474  2.64425443003921
8.505437855541963  7.099670404592368
13.313287006143803  3.0567918674062433
19.127833609116188  18.59219091038517
17.61562282643927  19.626639620246248
17.60103665245476  11.67118892164896
8.75875919965239  11.187936214027054
17.77267522744249  6.244264844571221
6.429448482864915  4.927050300493924
7.292899360592537  5.900157356647611
11.9926154122487  6.494901845151341
2.3543673251585884  13.54858281403722
15.050098801190448  11.901462471793208
3.564729042919168  14.6944330356297
11.23474689038908  15.408066782046728
1.139828978045585  8.027086423355899
4.806160283015628  15.650982970718182
18.471165725831266  19.087113099042984
14.575073867833995  8.039199033178079
10.122472321547027  8.530003980351285
17.368256134483648  9.404452037552423
8.339363440276557  15.284624020967899
17.108771392371764  5.064781060565728
1.81338252594889  15.666152278123207
7.600977391167327  14.91857747439743
2.802365360476511  0.5146374810690024
10.799074970629414  19.426776669930575
0.8410359597161587  10.682112707481373
8.764562309965997  1.299071493208832
10.207478940020458  5.377221182661858
7.820610106861466  15.835351870320352
19.77310455899589  8.84008261384995
18.711420216205163  0.8795617719726856
7.0573514860032915  16.492688466848083
13.861977763741969  10.768529615624905
5.660815050581636  7.239847709690426
7.858690424721251  15.723555825335659
0.26760031999569556  2.6734194921793386
15.147604757825366  1.1389906211865597
9.635314226048235  5.948274359105752
0.7058060995331816  6.5345122160962195
12.97227604899401  8.998696623908021
19.675760828665997  19.97021372869132
7.051534497148326  8.907160825138575
17.424707249337295  15.302038548336279
6.653654604450201  14.561967469300953
15.859497137654357  11.034666377022248
18.892583988454415  9.447998567960695
7.876446439837119  16.91702476797126
13.417851844555058  11.273485567862876
5.074665587166347  0.31765836375559076
11.648365718008804  10.934320253714478
11.741345682000189  17.30253880331545
2.73080890321191  7.4473542857820725
12.196588229303885  8.542357767115767
9.850710895033721  1.22929027541957
19.65936854340322  15.047292846757124
4.042780639166024  11.7860779432947
2.945145537217322  7.538392456103646
18.66178063541408  6.623229385063823
8.621252829257251  15.153117745774633
6.70108480877917  13.882144912797866
2.0617571211732644  4.061486520603452
7.968296216785031  2.5396118750288577
5.580256453315997  7.78148496980698
10.833157216073282  10.35439776168374
13.778622860130715  8.78559979940432
13.512558419314049  3.596076150277745
9.31631009866707  16.74326227776308
7.24203676580178  7.426569164722048
11.044069400109201  4.785223035034731
17.152592384261098  11.49447027985529
14.393665826342819  17.801671396508894
4.1186507933297705  2.845886496074188
5.316384175032303  16.187051973541184
3.9996743221321407  16.013877840333357
1.1067179392449744  0.517749835916983
9.596273455716734  0.2548267083376099
1.892132153643613  19.304874023971507
7.152575925904491  12.054127292827863
18.736919580353465  1.7794117576753354
7.798658521717772  13.38276319880966
9.275046037626929  14.797417295531865
13.938175799196241  6.499184739436514
13.439280668302388  11.970603377966416
13.22608496753158  17.943544593555178
15.816957940482762  1.3670126306842922
4.761288776356205  4.295212605165821
18.41932635700377  7.944677944396579
8.593566874107246  5.595670301114355
3.691219322397985  6.757381867533212
6.399266805630099  2.8224169470620253
15.394529217851442  17.651456592913465
15.183467778782857  10.59550646039332
16.33676147322625  12.892414791518398
8.053879845340736  7.731675082334004
16.05350860374134  10.141117691822243
9.072589503105434  4.5845794475201735
0.5305533692465048  13.795573500645638
10.664103069375715  0.7437224545018428
18.196692382309564  9.41941307572851
8.412882544080206  15.400947078829164
6.772516597901353  8.809778514801632
13.522736291524042  4.129021115429341
17.727755639672655  2.227854717368636
10.44545071694972  12.51676462964774
15.040679736405293  9.646231574123835
6.957211174652651  5.759242615073507
12.88558757792963  7.911606944846046
13.784368802193969  8.033267147728754
15.409853585479672  2.367290138106408
1.624963082582065  17.42462180270963
1.6144672861505338  12.326841269126378
8.407374696541748  1.5358573570966305
5.451247558760317  5.765736852758785
0.9506047722239952  18.49978469436918
16.931337010004732  5.906614516677243
10.351842516772681  12.668025582826097
1.4175158964292778  2.162536769868344
19.1287069456841  17.231561397263388
19.84900045490683  0.4077342283490015
1.3292986316970734  13.535280631694855
5.636534140078635  15.041210461756599
12.387007319661551  1.1298687929931006
12.599913863104677  18.92461115246479
19.178992519217218  11.421420723409108
8.919076451828133  3.8832856519206227
19.44345848177073  14.428955441316338
7.371452807145067  4.946202899616425
16.2999899216528  10.633163597688533
10.405243609343174  14.53595289293025
13.379098936801784  19.14142748252573
19.359599307509434  10.365276753288713
4.224349712392607  16.075894144352773
8.499143856738534  0.7312977692578992
13.422911002194018  2.265502851407939
11.545245821113506  16.531314338536298
17.011870643738767  15.15897494914974
3.4731236078258276  17.388160760089953
10.486805755714396  3.810079612826731
11.71533696869477  1.3112553664157933
16.287733013929195  1.1138489506384808
19.955545254171604  14.355829149102721
6.719075286326801  19.039923838564118
7.183541131844282  5.295037767758317
7.099461475840401  18.514218356377512
6.256806176606382  18.334544415935476
19.14361897314269  3.6674993109236564
0.3373665976610929  16.844578220528145
13.734485458860961  18.735461894206598
17.21476117341427  13.563992811484445
2.904806402234781  11.588695169964021
3.988913256988833  9.976465267527924
13.73123781741607  19.03109254746409
12.693417985071093  11.967508434758772
19.353968749447098  8.949012058623381
18.780444769088305  2.154875904927842
13.541566316020896  11.382725385454307
14.548128554693962  12.926572137776517
7.66432891588444  2.501236116666805
7.073326701048142  1.235271550929844
16.901601547896068  7.8771334547094245
10.068357137437626  18.29613952277335
7.391132018943605  3.2772047850283825
4.269903468922818  3.255261638735134
19.86909937515094  14.214235172264036
9.006536842064921  8.285125359795657
12.599169054512732  18.294517068802417
0.7779067845655896  18.357851668891044
13.68499511757575  6.2844570096948775
4.383620659927503  3.1285997759122397
1.977090425625927  8.227083158720557
1.965953538155485  13.573868923981207
11.801021750845562  0.004516395881886126
12.43917666462833  8.3418939489483
8.63044713063427  11.06465033839431
18.27404533164773  12.429267147958267
9.827476064703973  6.793872338681261
1.5408878359464384  17.171701821335372
12.034247645313092  1.1275688810506956
9.510171868630067  6.829401008235292
18.00342279651222  18.516224376001972
16.442387666475554  9.453034749801715
11.98748033726637  12.899397766385036
9.097934200423465  5.399698008339769
3.3719321580110484  17.56115873685852
12.324272453456373  6.4642354341552855
3.499783217243868  13.394664110963287
5.4995165327005635  0.4752897334925099
13.232982336887247  18.045932709898665
2.0348434359268053  2.982297236185696
1.5907091703929743  9.565542264329647
1.9614306283614957  7.300484647527064
18.091948314695742  5.0302465421550675
19.593236321437935  4.555114891901379
4.3486401744520276  8.494702690131522
13.628385541210747  7.33907327294494
12.358425286587323  19.311100303053653
7.928057730130298  14.771361643540985
7.6294329023684  16.735481083061693
18.447657886190704  17.627655514520036
16.486576524830145  14.508905451460397
17.940092316263705  1.149867668793867
15.388620938309572  15.913665362787198
9.807772473110955  12.141904679844785
16.147298887143396  1.4164980632391355
15.979397701833449  5.442421168618341
10.669161561149199  7.71040319422331
15.167645980056184  2.296142668137975
4.022667804998761  12.904110980790538
7.657281329748329  0.035588912518262905
13.715889156776688  17.614422552154682
14.427944268476312  11.499307439851858
13.93041090987692  17.134645467275
5.415658373409831  15.532304086433541
2.1896908914133895  11.082451740670878
13.680033338082731  7.6590348204767
4.958257890103264  2.2627938283708504
7.4136910991316025  12.066615504180922
11.502793238253503  1.8790974852293019
5.912708789497881  1.9161368974560333
13.995576592090499  12.600387372492861
3.542765418639966  0.8981427986475432
16.2977521645657  16.127100103956778
14.84938502990413  0.1407091557848239
2.492155784222103  10.547304606725938
1.2874910253217031  14.635082420023448
15.386770985128964  3.9960340818292894
19.53909804501301  10.98837296065906
14.168904054065823  12.59205373699485
2.2063839854759215  0.5816303288695357
17.781182033047088  13.988236067990766
0.293036702474756  3.3399112319111057
4.801836660639545  2.9122337465259585
19.12411377810096  0.4307711022814087
15.77636485454667  7.498929863098591
4.335165684983197  10.594181726184356
17.659267726276884  2.0817761651283906
6.906281468629816  11.05453838816305
2.202979273969372  11.439362245412836
15.356881466865723  4.925109182535692
4.908418312753742  8.321690671593931
1.7616764094640236  16.166344537599972
13.267926425522498  11.260646857226702
7.728349929401084  9.388579339592575
13.357996636059644  3.4300749355167603
13.213803425596327  9.593720706458527
0.44266446406881155  6.716658639767987
18.461136510249144  18.65995585551486
11.286933474665892  12.490151748196926
8.09914874865633  14.274650823365011
14.6304594906387  7.3094406415535
11.564148164194407  5.898629838643217
12.915688104846188  17.198681988556793
10.669281822800825  0.41933877829139155
6.489989942198822  15.236077744259791
12.422579099862086  17.28475477944689
11.176613856457562  11.075415972044498
11.658489658160356  11.064013961857544
9.159853387143453  14.310049640719672
1.1132790050810137  8.457179246906597
19.24753509814607  8.590338584362602
5.545145720613296  13.310405914361588
6.31212310075548  11.581368030825384
13.34566378954744  18.116850977687903
15.308036175877046  9.687923556438438
14.564465002249456  17.7920983251127
18.656023680726953  0.4204945221299483
16.622697396993665  9.32443550212094
6.996204610790313  18.920804016791898
12.215408387895652  16.233821049967556
11.250047936420893  12.038516759658545
1.135301074577797  4.390240985877938
15.566099050787091  11.918402974296175
2.288328770402921  10.649859799709962
8.564465316986213  10.14956676651227
9.887617756219134  17.648369602339148
4.233047640694414  11.596268684367807
17.124864823993345  16.60638474460131
19.179233284880116  13.49228435096731
9.930766288367627  1.5681063949055085
10.72609415208888  2.325356230821889
18.455851409353066  1.2286397772968427
16.436629460943493  12.93660148552757
13.826921169047512  11.249187160875922
13.448786374107765  5.146191965827603
0.29635848830499967  13.314778390192636
13.527002865315044  0.4307252360897995
12.706264959352643  7.025557506394994
15.285274168401697  12.929264859044633
14.322174705681537  4.351177936857029
8.556384374659075  1.3057919406212903
7.440694387375664  6.9541019927488374
12.33466064204591  6.995337469143969
10.576509458576211  11.06594061014112
11.903681438120227  7.251380469111743
17.792930404268944  0.25667035369093094
13.737758928466729  15.218119755726827
18.289088931550246  12.168268128172022
6.162832627984196  15.757812051659496
8.046472802330094  18.88629985040354
18.84151251463997  10.982886217214327
17.632769437650243  8.681414809948647
3.646171886602283  3.467194532422333
10.211227102571026  10.920315946623674
12.523826394575636  13.960127667276495
15.090227245765497  18.354630619654042
17.3483412946809  14.712988913641617
18.410868910264156  12.345609961725604
2.3246221877927664  5.7368289976509335
18.298487690822814  1.0139882144601642
14.589748008856247  5.2027845737703
0.8400875759709736  4.934846928302057
2.043833999209612  9.862166230614054
17.67406168011872  6.963916132114873
7.257011611340179  18.262012693700928
4.495099292774447  6.042362054123583
10.39295439434252  15.933415586222722
16.94761740829395  3.131084058341751
14.172885196003598  17.256415646240818
18.882190519098422  10.876143920436434
6.126939779786902  11.903468351190016
3.5684473122573723  17.198383992359197
13.242513582588511  10.059293169520554
0.2502210107598457  5.13671324641126
3.3936910739821657  3.5063260414933684
17.596565407695355  0.7105902964751221
8.125751254199136  3.8895834563555964
7.12177367115655  4.289244024211463
0.7737490878042341  3.14528043964005
17.295898445165186  3.0287043027819527
9.138084656972495  3.420779428292444
3.1113866608876983  4.773216883953573
18.082191610706662  18.458148485970657
10.668087083492967  3.8675063404953502
12.29128211211542  1.2978422505331055
5.152525535341623  19.637786011657596
14.148789640953678  0.32372441129947527
11.343393168277313  5.2027613886366435
8.414329972639367  0.3937312332025811
17.61224280752257  8.63597836606229
16.807206243789032  1.406011472602533
12.33503402111941  6.0434348148045665
9.207721895213602  13.480511363590221
15.52347776524325  10.085687705662181
11.673266638074287  8.875074949017261
17.32820509033479  17.20581123461711
17.304459836673512  15.018299040676752
3.106675448219811  9.282437959713716
18.360991854050283  13.974604805304986
15.185506104185311  9.631852598742741
17.306193207183007  12.82936184799201
2.1272234086802677  19.632489080778335
4.215577404603954  6.92158505972662
17.834842193966793  9.073311626460976
6.660430019427695  17.90406430033075
1.8768104997875712  8.050465106325692
16.86342548993528  5.235847401173304
19.691720602111264  1.5506307055922708
15.865036583921501  13.621855523836185
9.622757753610376  16.955298375134753
4.456114657794554  8.157930829190834
17.310261903907413  11.833114820059086
6.467103069678166  9.60567265720567
1.0297847619153755  1.5440837178607891
7.4826904373987935  11.848691965650895
13.830778355020811  5.422428510495196
5.145124548781046  17.33875713070162
6.727881323329587  15.022919569014327
1.950480522116349  18.749597565017435
5.5147247761391105  9.723437540103337
0.6241250444135304  13.189809846088886
8.200180832615063  17.277815604344006
12.661804386188889  16.406395418299685
4.536210114680066  9.94095111665735
13.565162806840185  7.006410387120199
17.435400858524886  18.028155439154432
8.418545641866238  16.628548930531572
11.619155229638736  8.847822321059382
0.8676186590661006  10.606576731463287
14.56212024289172  1.9829073637714645
0.7680233399519842  17.43090084075827
0.41458820899676896  8.972877419916864
16.801212475532697  6.163277278740211
8.414057899631347  12.337726091490197
10.297874677812398  17.641672064797614
11.150189745422324  17.087369977467294
0.3577440249381514  14.437750365600161
13.315686785196956  7.787941634709141
12.872260647091592  8.721220395164941
2.3266694535410504  11.361022948117249
18.74536504710389  11.084676064429548
10.770620721508227  2.234193998711551
4.7207826614771005  15.156116139549534
13.564192591460753  14.677103397679803
14.465069262576355  4.5934812709045065
16.429887782143425  11.313505428834505
14.42121158650021  10.612947462636193
18.670428385020028  16.350810062918026
16.37828089890216  17.396518689173725
9.697241758723031  5.283243776967613
18.32762811373123  4.747935992709449
14.690042811966364  6.254465139121388
19.21312126560581  1.4611552701539177
14.741541320140016  5.233490025361203
18.60426262360351  12.069497037233095
19.655505081392334  3.749383019727124
13.028479493303495  17.919943065469834
18.67546160033634  15.696687807415161
0.29881746332293346  19.243509910834383
7.558149394769524  18.061184890796504
4.300630980365963  17.36564988809412
0.5288647872211616  18.019919143560376
9.21177744884618  16.70427858484703
10.29467477321851  13.101154466370073
9.49285093536555  2.669053432653583
13.619137264746819  8.44740458900655
10.284973909472576  4.080049951649132
17.381612467123798  10.790182160653183
13.695958169407664  9.610601844492724
5.968367232219665  7.3915322383400355
1.365480240792576  10.696382785988677
2.1302476568417883  17.197429007783125
9.759030391865819  2.4480657827891483
1.1027686617663068  6.630656347208883
11.967221751065058  17.63223545515486
9.416890769211134  8.575598666947018
1.8434222802568123  14.591257055708649
8.64324756819721  17.885923844971103
19.715841143478585  6.841506905907715
5.51233424588105  0.5362513057656826
6.338386593784482  12.980643370415361
12.429008390040366  18.48193115278702
8.43664921925247  5.863696819073532
0.6514861981719933  2.287504861327556
5.412732545168613  13.328070131135055
19.134199380279817  6.680298116047831
19.939179217415578  18.753359219755936
16.206268233540207  1.9766955273856746
3.760444641977496  4.8384718845404695
12.393414562241157  0.8909223625655249
7.598360469948537  6.016115062641687
0.32019859297514497  1.238338366215077
9.585735199229998  12.252977099208612
5.6624843961713704  14.251035096765978
10.00856119202786  8.55226112723836
2.4085069484818455  2.998366552422309
1.8246891350601935  7.812443944636822
3.2806096322281175  7.232942408275256
19.679219854617976  16.25224497471493
0.7098468069398134  19.140586803624615
9.844200413554528  5.57230577382658
11.896435894702202  13.180042120482753
4.48059336046189  0.5557016876898069
10.198972866440922  6.534338061510432
18.34682172426245  10.96738258413218
17.942627220130795  5.595008782982145
9.713146308049605  2.3846063375891458
10.13076099773534  5.8636957923588735
10.580295236199733  7.423604784332101
7.300697342673505  5.221251944812413
15.917884185943937  16.35753583019418
3.078138526314902  16.09002943946829
18.005785199270267  12.543379878980394
0.2167124926076669  4.319961030925999
